public/libs/leflet_vector/data/current-tempation.json
{"header": {"discipline":0,"disciplineName":"Meteorologicalproducts","gribEdition":2,"gribLength":47392,"center":7,"centerName":"USNationalWeatherService-NCEP(WMC)","subcenter":0,"refTime":"2020-03-25T18:00:00.000Z","significanceOfRT":1,"significanceOfRTName":"Startofforecast","productStatus":0,"productStatusName":"Operationalproducts","productType":1,"productTypeName":"Forecastproducts","productDefinitionTemplate":0,"productDefinitionTemplateName":"Analysis/forecastathorizontallevel/layeratapointintime","parameterCategory":0,"parameterCategoryName":"Temperature","parameterNumber":0,"parameterNumberName":"Temperature","parameterUnit":"K","genProcessType":2,"genProcessTypeName":"Forecast","forecastTime":0,"surface1Type":1,"surface1TypeName":"Groundorwatersurface","surface1Value":0.0,"surface2Type":255,"surface2TypeName":"Missing","surface2Value":0.0,"gridDefinitionTemplate":0,"gridDefinitionTemplateName":"Latitude_Longitude","numberPoints":65160,"shape":6,"shapeName":"Earthsphericalwithradiusof6,371,229.0m","gridUnits":"degrees","resolution":48,"winds":"true","scanMode":0,"nx":360,"ny":181,"basicAngle":0,"lo1":0.0,"la1":90.0,"lo2":359.0,"la2":-90.0,"dx":1.0,"dy":1.0}, "data":
[rows 130 to 155 of 181, columns 300 to 359 of 360]
291.77847,290.67847,290.07846,289.47845,288.57846,290.27847,292.77847,293.47845,292.57846,292.27847,292.67847,292.27847,291.67847,290.87848,291.17847,291.47845,292.37848,292.47845,292.47845,292.27847,292.27847,292.07846,291.57846,290.57846,290.07846,290.47845,290.67847,290.57846,291.87848,290.87848,291.37848,290.47845,290.37848,290.17847,289.77847,289.67847,289.27847,288.87848,288.77847,288.77847,288.47845,287.97845,287.67847,287.37848,287.67847,287.47845,287.67847,287.87848,287.67847,287.37848,287.37848,287.37848,287.87848,288.27847,287.97845,287.37848,287.47845,287.47845,287.57846,287.47845
290.67847,289.37848,287.87848,286.17847,286.97845,289.87848,292.27847,293.57846,293.37848,292.87848,291.87848,291.07846,290.27847,290.07846,290.37848,290.47845,290.67847,290.57846,290.37848,290.27847,290.37848,290.37848,290.17847,290.17847,289.57846,289.17847,288.77847,289.07846,289.67847,290.07846,290.37848,290.27847,289.67847,289.27847,288.97845,289.07846,288.87848,288.47845,288.27847,288.27847,287.77847,287.27847,287.07846,287.27847,287.47845,287.37848,287.07846,287.07846,286.87848,286.87848,286.67847,286.67847,287.27847,287.47845,287.17847,286.77847,286.47845,286.57846,286.27847,286.17847
289.57846,288.17847,285.57846,285.27847,287.67847,289.37848,292.07846,293.47845,293.47845,292.47845,291.17847,290.27847,289.47845,289.07846,289.27847,288.97845,288.87848,288.87848,288.07846,287.77847,287.87848,288.67847,289.37848,289.27847,288.87848,288.17847,287.77847,287.77847,288.47845,288.97845,289.27847,289.07846,288.37848,288.07846,288.27847,288.47845,288.37848,288.07846,287.67847,287.37848,286.77847,286.27847,286.27847,286.27847,286.47845,287.17847,287.17847,286.87848,286.57846,286.27847,286.17847,286.37848,286.27847,285.57846,285.57846,285.67847,285.27847,285.47845,285.37848,285.37848
287.87848,285.67847,285.47845,287.27847,288.17847,288.67847,289.87848,290.67847,290.57846,289.87848,289.37848,288.97845,288.47845,288.37848,288.57846,288.07846,287.27847,286.97845,286.87848,287.07846,287.57846,287.97845,288.07846,287.87848,287.47845,286.97845,286.27847,285.97845,286.67847,287.17847,286.97845,286.87848,287.17847,287.07846,286.77847,286.67847,286.97845,286.97845,286.67847,286.37848,286.27847,285.87848,285.27847,284.77847,284.67847,285.27847,286.57846,286.97845,286.87848,286.17847,285.57846,285.67847,285.47845,285.07846,285.07846,284.87848,284.77847,284.67847,284.77847,285.17847
286.67847,285.17847,286.37848,287.47845,287.87848,288.07846,287.87848,288.07846,288.17847,288.47845,288.17847,287.67847,287.47845,287.57846,287.67847,287.27847,286.57846,286.07846,286.17847,286.47845,286.67847,286.67847,285.97845,285.57846,285.47845,285.07846,284.67847,284.57846,285.17847,285.27847,284.97845,285.17847,285.97845,285.97845,285.17847,285.07846,285.47845,285.57846,285.37848,285.17847,285.87848,285.87848,284.87848,284.17847,283.77847,283.77847,284.37848,284.87848,285.47845,285.17847,285.07846,285.17847,285.07846,284.67847,284.67847,284.47845,283.97845,283.97845,283.87848,284.27847
285.57846,285.17847,287.17847,287.87848,287.77847,287.67847,288.17847,288.57846,288.47845,288.17847,287.47845,286.47845,286.37848,286.67847,287.27847,287.57846,287.27847,286.47845,285.97845,285.97845,285.77847,285.37848,284.87848,284.67847,284.47845,284.47845,284.57846,284.87848,284.87848,284.77847,284.57846,284.77847,285.07846,284.77847,284.47845,284.47845,284.87848,285.07846,284.37848,283.97845,284.97845,285.37848,284.47845,283.87848,283.57846,282.97845,282.57846,282.57846,282.27847,282.37848,282.57846,282.97845,283.37848,283.67847,283.27847,282.77847,282.47845,282.37848,281.87848,281.77847
284.57846,284.67847,286.67847,287.87848,287.37848,287.37848,287.77847,288.17847,287.87848,287.27847,286.67847,286.17847,286.07846,286.47845,286.87848,286.77847,286.47845,286.17847,285.77847,285.47845,285.17847,284.77847,284.47845,284.37848,284.27847,284.17847,284.37848,284.17847,283.97845,284.37848,284.37848,283.87848,283.67847,283.67847,283.57846,283.77847,284.17847,283.67847,283.17847,282.87848,283.57846,284.37848,284.67847,284.67847,284.27847,283.07846,281.97845,281.47845,281.17847,280.87848,280.67847,280.87848,281.17847,281.07846,280.67847,279.97845,280.47845,280.77847,280.97845,280.97845
284.27847,284.07846,285.67847,286.67847,287.17847,287.47845,287.87848,288.17847,288.07846,287.67847,287.17847,286.77847,286.27847,286.07846,285.97845,285.77847,285.47845,285.47845,285.47845,285.27847,285.07846,284.97845,284.57846,284.37848,284.47845,284.47845,283.87848,282.97845,282.57846,283.47845,284.07846,282.87848,281.97845,281.67847,281.67847,281.47845,281.37848,281.47845,282.07846,282.17847,282.27847,282.57846,283.17847,284.17847,284.07846,282.97845,281.97845,280.97845,280.57846,280.17847,280.17847,280.07846,279.77847,278.97845,278.87848,279.27847,279.57846,280.27847,280.57846,280.47845
283.87848,283.17847,283.77847,283.97845,284.87848,285.37848,286.17847,286.57846,286.87848,287.27847,287.37848,286.77847,286.07846,285.57846,285.47845,285.57846,285.17847,284.67847,284.17847,284.37848,285.07846,285.07846,284.67847,284.47845,284.07846,282.97845,281.87848,280.97845,281.27847,281.97845,282.47845,281.87848,280.77847,280.17847,279.87848,280.17847,280.27847,280.27847,280.57846,281.07846,281.07846,280.97845,280.97845,281.07846,281.67847,281.37848,281.07846,280.27847,279.67847,279.27847,278.87848,278.47845,278.07846,278.07846,278.77847,279.97845,280.17847,280.17847,280.27847,280.07846
283.87848,283.17847,282.77847,282.67847,282.37848,281.87848,282.17847,283.17847,284.67847,285.37848,285.67847,285.17847,284.67847,283.47845,283.27847,283.07846,282.47845,281.47845,280.77847,280.97845,281.27847,281.27847,281.87848,281.77847,281.37848,280.57846,279.77847,279.87848,280.17847,280.27847,280.17847,279.87848,279.47845,279.27847,279.37848,279.67847,279.67847,279.47845,279.27847,279.17847,279.17847,279.17847,279.07846,279.07846,279.27847,279.37848,279.67847,279.77847,279.67847,279.27847,278.37848,277.47845,277.07846,277.57846,278.37848,279.27847,279.37848,279.17847,279.27847,279.57846
284.07846,283.37848,282.47845,282.17847,282.27847,281.77847,281.17847,281.27847,281.57846,281.57846,281.47845,281.47845,281.47845,281.27847,280.77847,280.57846,280.57846,280.37848,280.07846,279.57846,278.57846,279.37848,280.17847,280.07846,279.57846,279.47845,279.47845,279.57846,279.37848,279.17847,278.97845,278.47845,278.17847,278.27847,278.67847,279.27847,279.47845,279.27847,279.07846,278.97845,279.07846,279.07846,278.97845,278.97845,278.77847,279.07846,279.27847,279.27847,278.77847,278.07846,277.47845,276.97845,276.77847,277.07846,277.47845,277.77847,277.77847,277.67847,277.57846,277.87848
282.87848,282.97845,282.67847,281.97845,281.27847,281.07846,280.67847,280.47845,280.47845,280.27847,279.97845,279.57846,279.47845,279.27847,279.37848,279.57846,279.87848,279.87848,279.77847,278.87848,278.67847,279.07846,279.17847,279.17847,278.87848,278.67847,277.97845,277.77847,277.77847,277.87848,277.57846,277.37848,277.27847,277.87848,278.47845,278.97845,279.17847,279.17847,278.87848,278.57846,278.67847,278.67847,278.57846,278.47845,278.07846,278.07846,278.27847,278.07846,277.77847,277.37848,276.97845,276.47845,276.47845,276.67847,276.57846,276.57846,276.77847,276.97845,276.87848,276.97845
284.97845,285.97845,282.17847,281.47845,280.97845,280.77847,280.57846,280.47845,280.37848,280.17847,279.87848,279.77847,279.37848,278.77847,278.77847,279.47845,279.87848,279.37848,278.37848,277.97845,278.27847,278.07846,277.47845,277.17847,277.67847,277.77847,277.17847,276.77847,276.47845,276.57846,276.47845,276.27847,276.77847,277.57846,278.27847,278.47845,278.17847,277.87848,277.77847,277.87848,277.77847,277.57846,277.47845,277.57846,277.27847,277.27847,277.27847,277.27847,277.27847,277.07846,276.37848,275.97845,276.07846,276.27847,276.37848,276.47845,276.77847,276.97845,276.77847,276.47845
281.27847,281.37848,281.07846,280.77847,280.47845,280.27847,280.27847,280.67847,280.47845,280.07846,279.77847,279.47845,278.97845,278.47845,278.17847,278.07846,278.17847,277.77847,276.87848,277.07846,277.27847,277.17847,276.67847,276.37848,276.27847,276.47845,276.47845,276.27847,276.27847,276.27847,276.07846,275.87848,276.37848,276.77847,277.07846,277.17847,277.07846,276.77847,276.67847,276.97845,277.17847,276.97845,276.67847,276.67847,276.57846,276.67847,276.57846,276.57846,276.67847,276.27847,275.77847,275.47845,275.57846,275.67847,275.47845,275.67847,275.87848,275.97845,275.57846,275.37848
280.37848,280.37848,280.57846,280.67847,280.37848,280.07846,279.87848,279.87848,279.77847,279.57846,279.27847,278.77847,278.57846,278.57846,278.37848,277.97845,277.67847,277.47845,277.17847,276.87848,276.67847,276.57846,276.47845,276.77847,276.27847,275.87848,275.87848,275.87848,273.97845,275.77847,275.67847,275.67847,275.87848,276.17847,276.47845,276.47845,276.27847,275.97845,275.77847,275.97845,276.07846,276.27847,276.27847,276.17847,276.07846,275.87848,275.77847,275.77847,275.87848,275.87848,275.57846,275.27847,275.17847,275.07846,274.97845,274.97845,274.87848,274.87848,274.87848,274.77847
279.87848,279.97845,280.07846,280.27847,280.17847,279.77847,279.07846,278.77847,278.87848,278.97845,278.77847,278.37848,278.07846,277.67847,277.57846,277.47845,277.27847,277.07846,277.07846,276.87848,276.47845,276.07846,276.07846,276.17847,276.27847,275.97845,275.57846,275.47845,275.37848,275.27847,275.07846,275.07846,274.97845,275.27847,275.87848,275.87848,275.47845,275.07846,274.87848,275.07846,275.17847,275.27847,275.47845,275.57846,275.57846,275.47845,275.47845,275.47845,275.37848,275.37848,275.27847,275.07846,274.87848,274.67847,274.67847,274.67847,274.47845,274.37848,274.27847,274.17847
278.97845,279.37848,279.57846,279.57846,279.27847,278.97845,278.77847,278.67847,278.97845,278.97845,278.47845,277.77847,277.17847,276.67847,276.67847,276.77847,276.77847,276.67847,276.57846,276.17847,275.67847,275.47845,275.37848,275.47845,275.37848,275.27847,275.07846,275.07846,275.17847,274.97845,274.77847,274.47845,274.27847,274.37848,274.97845,275.37848,275.17847,274.87848,274.57846,274.57846,274.77847,274.87848,274.97845,275.07846,275.27847,275.37848,275.37848,275.27847,275.17847,275.07846,274.87848,274.77847,274.67847,274.57846,274.47845,274.47845,274.17847,273.97845,273.77847,273.67847
278.97845,278.57846,278.37848,278.17847,277.87848,277.97845,277.87848,277.97845,277.97845,277.77847,277.47845,276.77847,276.47845,276.27847,276.07846,275.67847,275.37848,275.27847,275.27847,275.17847,275.17847,275.07846,274.87848,274.97845,274.97845,274.87848,274.67847,274.57846,274.67847,274.77847,274.57846,274.27847,274.17847,274.07846,274.27847,274.77847,275.17847,274.97845,274.47845,274.37848,274.47845,274.47845,274.57846,274.47845,274.67847,274.67847,274.67847,274.67847,274.67847,274.57846,274.37848,274.17847,274.07846,274.07846,273.97845,273.87848,273.67847,273.47845,273.47845,273.47845
277.57846,276.77847,275.97845,275.87848,276.27847,276.67847,276.97845,276.97845,276.57846,276.37848,276.27847,276.17847,275.87848,275.67847,275.27847,274.77847,274.47845,274.37848,274.57846,274.77847,274.87848,274.77847,274.47845,274.17847,273.97845,274.07846,274.07846,273.97845,274.27847,274.37848,274.27847,274.07846,273.97845,273.27847,273.77847,273.97845,274.57846,274.87848,274.57846,274.27847,274.17847,274.27847,274.17847,274.07846,273.37848,274.07846,274.07846,273.97845,273.77847,273.67847,273.57846,273.57846,273.67847,273.57846,273.47845,273.47845,273.37848,273.37848,273.27847,273.27847
276.37848,275.67847,275.27847,275.37848,275.77847,275.97845,276.07846,275.87848,275.37848,274.97845,274.87848,275.07846,274.77847,274.97845,274.67847,274.47845,274.17847,274.07846,274.27847,274.17847,273.97845,273.97845,273.87848,273.77847,273.47845,273.47845,273.57846,273.47845,273.77847,273.67847,273.67847,273.57846,273.47845,273.47845,273.57846,273.77847,274.27847,274.47845,274.27847,273.87848,273.77847,273.57846,273.47845,273.57846,273.47845,273.27847,273.27847,273.07846,272.97845,272.97845,273.07846,273.17847,273.17847,273.17847,273.17847,273.07846,273.17847,273.27847,273.17847,273.17847
275.87848,275.57846,275.27847,275.07846,275.17847,275.07846,274.67847,274.57846,274.47845,273.87848,273.77847,273.77847,273.67847,273.67847,273.57846,273.67847,273.57846,273.67847,273.67847,273.57846,273.27847,273.17847,273.37848,273.37848,273.27847,273.07846,273.07846,273.17847,273.17847,273.17847,273.07846,273.07846,273.17847,273.47845,273.87848,274.17847,274.27847,274.27847,273.87848,273.67847,273.57846,273.37848,273.27847,273.27847,273.07846,273.07846,273.07846,273.07846,273.07846,273.07846,272.97845,272.97845,272.97845,272.97845,272.97845,273.07846,273.17847,273.27847,273.27847,273.37848
274.97845,274.87848,274.97845,274.77847,273.97845,273.77847,273.77847,273.47845,272.77847,271.77847,272.37848,272.87848,272.97845,272.97845,273.07846,273.17847,272.97845,272.87848,272.77847,272.87848,272.77847,272.87848,273.07846,273.07846,272.87848,272.67847,272.57846,272.67847,272.67847,272.77847,272.77847,272.77847,272.87848,273.17847,273.57846,273.67847,273.57846,273.57846,273.77847,273.87848,273.87848,273.67847,273.37848,273.07846,272.97845,272.97845,272.97845,273.07846,273.07846,273.07846,272.87848,272.87848,272.87848,272.87848,273.07846,273.17847,273.27847,273.37848,273.47845,273.67847
274.37848,272.07846,273.27847,273.97845,273.77847,273.57846,271.37848,271.67847,271.97845,271.97845,271.67847,271.57846,271.57846,272.57846,272.77847,272.77847,272.57846,272.47845,272.37848,272.27847,272.37848,272.37848,272.37848,272.47845,272.37848,272.37848,272.37848,272.47845,272.47845,272.47845,272.37848,272.47845,272.57846,272.67847,272.77847,272.77847,272.97845,273.07846,273.27847,273.47845,273.57846,273.47845,273.27847,273.07846,272.97845,272.97845,272.97845,272.97845,272.87848,272.77847,272.77847,272.87848,272.87848,272.97845,273.07846,273.27847,273.47845,273.57846,273.67847,273.87848
273.87848,273.37848,271.57846,272.07846,271.37848,271.67847,271.67847,271.77847,271.47845,271.47845,271.57846,271.47845,270.47845,269.67847,269.37848,270.27847,269.97845,270.87848,271.87848,272.27847,272.27847,272.17847,272.17847,272.27847,271.87848,272.27847,272.27847,272.37848,272.37848,272.37848,272.37848,272.37848,272.37848,272.47845,272.47845,272.67847,272.67847,272.87848,273.07846,273.27847,273.27847,273.27847,273.07846,272.97845,272.97845,272.97845,272.97845,272.97845,272.97845,273.07846,273.07846,273.17847,273.17847,273.17847,273.17847,273.27847,273.27847,273.27847,273.37848,273.57846
266.17847,267.77847,270.97845,271.57846,271.47845,271.57846,272.27847,271.87848,271.87848,271.57846,271.47845,269.07846,268.07846,268.27847,271.27847,271.67847,271.97845,272.07846,272.27847,272.27847,272.17847,272.07846,272.17847,272.17847,272.17847,272.17847,272.17847,272.17847,272.17847,272.27847,272.27847,272.37848,272.37848,272.47845,272.57846,272.57846,272.57846,272.57846,272.57846,272.77847,273.17847,273.07846,272.97845,272.87848,272.77847,272.87848,272.97845,272.97845,273.07846,273.17847,273.27847,273.27847,273.27847,273.27847,273.37848,273.27847,273.17847,273.07846,273.07846,273.07846
269.17847,271.27847,271.17847,270.77847,270.87848,271.57846,271.77847,271.37848,270.77847,268.77847,267.17847,267.07846,266.77847,266.87848,267.17847,271.17847,272.07846,272.17847,272.27847,272.27847,272.17847,272.07846,272.07846,272.07846,272.17847,272.17847,272.17847,272.17847,272.27847,272.27847,272.27847,272.27847,272.27847,272.47845,272.47845,272.57846,272.67847,272.57846,272.57846,272.77847,272.97845,272.97845,272.87848,272.77847,272.77847,272.77847,272.87848,272.97845,272.97845,273.07846,273.07846,273.07846,273.07846,273.07846,273.17847,273.17847,273.07846,272.87848,272.77847,272.67847
