public/libs/leflet_vector/data/current-tempation.json
{"header": {"discipline":0,"disciplineName":"Meteorologicalproducts","gribEdition":2,"gribLength":47392,"center":7,"centerName":"USNationalWeatherService-NCEP(WMC)","subcenter":0,"refTime":"2020-03-25T18:00:00.000Z","significanceOfRT":1,"significanceOfRTName":"Startofforecast","productStatus":0,"productStatusName":"Operationalproducts","productType":1,"productTypeName":"Forecastproducts","productDefinitionTemplate":0,"productDefinitionTemplateName":"Analysis/forecastathorizontallevel/layeratapointintime","parameterCategory":0,"parameterCategoryName":"Temperature","parameterNumber":0,"parameterNumberName":"Temperature","parameterUnit":"K","genProcessType":2,"genProcessTypeName":"Forecast","forecastTime":0,"surface1Type":1,"surface1TypeName":"Groundorwatersurface","surface1Value":0.0,"surface2Type":255,"surface2TypeName":"Missing","surface2Value":0.0,"gridDefinitionTemplate":0,"gridDefinitionTemplateName":"Latitude_Longitude","numberPoints":65160,"shape":6,"shapeName":"Earthsphericalwithradiusof6,371,229.0m","gridUnits":"degrees","resolution":48,"winds":"true","scanMode":0,"nx":360,"ny":181,"basicAngle":0,"lo1":0.0,"la1":90.0,"lo2":359.0,"la2":-90.0,"dx":1.0,"dy":1.0}, "data":
[rows 104 to 129 of 181, columns 300 to 359 of 360]
301.17847,303.27847,302.67847,300.47845,300.17847,300.07846,301.47845,301.77847,302.17847,302.57846,302.87848,298.07846,299.07846,300.37848,297.37848,298.27847,295.57846,297.37848,300.67847,302.77847,301.87848,302.07846,301.37848,301.37848,301.67847,301.57846,302.27847,302.57846,302.37848,302.77847,302.17847,301.67847,301.47845,301.47845,301.37848,301.17847,300.97845,300.67847,300.37848,300.37848,300.17847,300.07846,299.97845,299.97845,299.77847,299.77847,299.57846,299.27847,299.27847,299.27847,299.27847,299.27847,299.17847,299.17847,299.07846,299.07846,299.07846,299.17847,298.87848,298.57846
302.27847,301.27847,301.17847,301.57846,301.37848,300.77847,301.67847,302.47845,301.57846,301.77847,300.57846,298.57846,298.17847,298.07846,299.37848,294.47845,294.87848,294.57846,292.87848,295.67847,298.37848,301.17847,301.27847,301.27847,301.57846,301.57846,302.67847,301.97845,302.27847,302.37848,301.97845,301.57846,301.37848,301.17847,301.17847,301.07846,300.77847,300.57846,300.27847,300.07846,299.77847,299.87848,299.77847,299.17847,299.07846,299.37848,299.47845,299.17847,299.07846,298.97845,298.87848,298.87848,298.97845,298.97845,298.77847,298.77847,298.87848,298.57846,298.37848,298.27847
305.77847,304.67847,305.97845,307.17847,304.47845,303.07846,301.67847,304.97845,301.77847,299.67847,298.47845,297.37848,295.97845,292.67847,297.37848,297.97845,294.07846,292.97845,291.67847,293.07846,297.77847,300.47845,301.17847,301.27847,301.47845,301.47845,301.57846,301.77847,302.17847,301.97845,301.77847,301.37848,301.27847,301.17847,301.17847,300.97845,300.77847,300.57846,300.27847,300.07846,300.07846,299.87848,299.37848,298.97845,298.97845,299.27847,299.17847,298.87848,298.77847,298.67847,298.57846,298.67847,298.67847,298.77847,298.67847,298.47845,298.37848,298.27847,298.07846,297.87848
305.47845,304.97845,307.87848,305.37848,306.97845,306.37848,304.87848,301.97845,300.67847,302.17847,301.77847,298.67847,297.57846,295.27847,297.87848,296.47845,296.37848,294.37848,297.47845,298.67847,295.27847,300.37848,301.17847,301.27847,301.37848,301.37848,301.17847,301.67847,302.77847,302.07846,301.67847,301.27847,301.17847,301.07846,300.97845,300.77847,300.67847,300.47845,300.27847,300.17847,299.97845,299.67847,299.17847,299.07846,299.07846,299.07846,298.87848,298.67847,298.57846,298.47845,298.27847,298.37848,298.47845,298.47845,298.47845,298.27847,298.07846,297.97845,297.87848,297.67847
304.57846,300.27847,307.57846,306.97845,306.67847,303.27847,303.77847,299.97845,298.97845,299.87848,302.57846,299.87848,298.67847,298.47845,297.87848,298.67847,298.07846,295.87848,297.77847,299.67847,300.47845,300.67847,300.87848,301.17847,301.07846,301.07846,300.97845,301.57846,302.37848,302.07846,301.67847,301.47845,301.27847,301.07846,300.87848,300.77847,300.67847,300.37848,300.27847,300.17847,299.87848,299.57846,299.17847,298.97845,298.97845,298.87848,298.77847,298.57846,298.37848,298.27847,298.07846,298.07846,298.17847,298.27847,298.17847,298.07846,297.77847,297.67847,297.67847,297.57846
311.47845,307.87848,307.37848,308.27847,308.47845,304.17847,304.27847,301.17847,300.47845,300.37848,301.67847,301.17847,298.87848,297.87848,298.17847,299.67847,301.87848,295.87848,299.17847,297.77847,299.87848,300.57846,300.97845,301.17847,300.97845,300.87848,300.87848,301.17847,301.47845,301.77847,301.77847,301.47845,301.27847,301.07846,300.87848,300.67847,300.57846,300.37848,300.27847,300.07846,299.77847,299.47845,299.17847,298.87848,298.77847,298.77847,298.77847,298.67847,298.37848,298.17847,298.07846,297.97845,297.87848,297.77847,297.77847,297.57846,297.47845,297.57846,297.87848,297.47845
313.27847,311.47845,312.27847,309.37848,307.67847,302.87848,302.47845,302.67847,301.57846,302.27847,302.47845,301.77847,300.47845,297.17847,300.97845,299.87848,301.47845,294.37848,295.27847,296.67847,299.97845,300.67847,300.97845,300.97845,300.77847,300.77847,300.87848,300.87848,300.87848,301.07846,301.47845,301.37848,300.97845,300.77847,300.77847,300.67847,300.57846,300.47845,300.37848,300.27847,299.67847,299.47845,299.37848,298.87848,298.77847,298.77847,298.77847,298.57846,298.27847,298.17847,298.27847,298.17847,298.07846,297.67847,297.47845,297.37848,297.27847,297.37848,297.37848,297.17847
318.27847,312.07846,311.97845,307.27847,307.67847,303.87848,303.87848,302.47845,300.97845,301.77847,301.87848,302.17847,300.67847,298.57846,298.67847,296.47845,296.07846,296.67847,297.17847,299.47845,300.37848,300.77847,300.77847,300.57846,300.97845,300.97845,300.77847,300.77847,300.77847,301.07846,300.97845,300.97845,300.57846,300.37848,300.37848,300.57846,300.57846,300.47845,300.37848,300.17847,299.77847,299.47845,299.27847,299.07846,298.87848,298.77847,298.67847,298.47845,298.27847,298.17847,298.17847,298.27847,298.07846,297.57846,297.37848,297.27847,297.17847,297.27847,297.07846,296.77847
313.77847,312.37848,314.17847,307.77847,305.07846,307.47845,304.67847,302.47845,302.37848,301.67847,301.57846,301.17847,298.77847,299.07846,296.07846,294.87848,295.67847,298.87848,296.77847,299.47845,300.67847,300.67847,300.27847,300.37848,300.97845,300.77847,300.57846,300.57846,300.47845,300.57846,300.67847,300.47845,300.27847,300.57846,300.17847,300.37848,300.57846,300.47845,300.37848,300.07846,299.77847,299.67847,299.47845,299.17847,298.97845,298.77847,298.77847,298.57846,298.37848,298.17847,298.07846,298.07846,297.87848,297.47845,297.27847,297.17847,297.07846,297.07846,296.87848,296.47845
318.07846,313.37848,312.47845,310.47845,306.47845,305.07846,304.87848,302.67847,301.67847,303.37848,301.07846,298.87848,300.27847,299.07846,294.07846,294.17847,297.87848,298.67847,299.07846,300.47845,300.67847,300.47845,300.17847,300.17847,300.07846,300.27847,300.47845,300.47845,300.17847,300.17847,300.07846,299.77847,299.87848,299.97845,300.77847,300.17847,300.27847,300.37848,300.47845,300.07846,299.77847,299.67847,299.67847,299.27847,299.17847,298.97845,298.97845,298.87848,298.57846,298.27847,298.07846,297.87848,297.77847,297.57846,297.37848,297.07846,296.77847,296.67847,296.47845,296.17847
320.97845,313.57846,312.07846,310.57846,305.97845,303.67847,301.57846,303.77847,304.07846,298.37848,298.47845,298.97845,296.47845,295.97845,299.57846,299.37848,299.67847,300.27847,299.97845,300.07846,299.97845,300.47845,300.87848,300.67847,299.97845,300.07846,300.37848,300.57846,300.27847,299.87848,299.77847,299.57846,299.17847,299.47845,299.87848,299.77847,299.97845,300.07846,300.17847,299.87848,299.87848,299.77847,299.67847,299.47845,299.27847,299.07846,299.07846,298.87848,298.67847,298.47845,298.17847,297.97845,297.77847,297.47845,297.17847,296.87848,296.67847,296.57846,296.37848,296.07846
312.97845,312.57846,311.07846,309.57846,304.87848,305.87848,303.27847,301.37848,299.77847,302.77847,299.07846,296.47845,298.67847,299.57846,299.37848,299.57846,299.87848,299.87848,299.77847,299.37848,299.47845,299.67847,299.97845,299.77847,299.27847,299.47845,299.77847,299.87848,299.47845,299.37848,299.57846,299.67847,298.97845,298.87848,299.27847,299.37848,299.57846,299.87848,299.77847,299.57846,299.57846,299.47845,299.47845,299.27847,298.97845,298.67847,298.77847,298.57846,298.47845,298.27847,297.97845,297.67847,297.67847,297.67847,297.27847,296.87848,296.77847,296.67847,296.47845,296.27847
310.47845,310.67847,310.77847,309.57846,307.07846,307.27847,305.07846,301.17847,302.77847,297.67847,299.97845,293.57846,299.97845,299.27847,299.27847,299.97845,299.77847,299.47845,299.37848,298.87848,298.87848,298.97845,299.17847,298.87848,298.77847,298.47845,298.57846,299.07846,298.87848,298.97845,299.37848,299.27847,298.97845,298.57846,298.87848,299.17847,298.97845,299.17847,299.97845,299.47845,299.27847,299.27847,299.37848,299.17847,298.57846,298.47845,298.47845,298.47845,298.37848,298.07846,297.67847,297.57846,297.57846,297.47845,297.17847,296.87848,296.77847,296.57846,296.37848,296.17847
309.67847,310.67847,311.97845,309.37848,309.77847,307.57846,306.27847,307.07846,302.37848,299.97845,298.27847,300.07846,299.47845,299.17847,299.47845,299.27847,298.87848,298.67847,298.67847,298.17847,298.47845,298.37848,298.57846,298.57846,297.97845,297.47845,297.57846,297.97845,298.37848,298.77847,298.87848,298.67847,298.37848,298.17847,298.37848,298.67847,298.67847,298.47845,298.77847,299.17847,298.87848,298.67847,298.87848,298.87848,298.77847,298.57846,298.37848,298.27847,298.17847,298.07846,297.77847,297.57846,297.47845,297.17847,296.97845,296.77847,296.57846,296.47845,296.27847,295.87848
310.17847,313.77847,314.17847,311.97845,307.87848,311.17847,309.67847,309.67847,302.67847,300.67847,296.37848,299.87848,298.37848,298.77847,298.17847,298.07846,297.97845,298.27847,298.17847,297.57846,297.97845,297.97845,297.87848,297.87848,297.57846,297.17847,297.07846,297.47845,297.77847,297.77847,297.97845,297.87848,297.37848,297.57846,298.07846,298.37848,298.47845,297.97845,299.07846,299.17847,299.17847,298.17847,298.17847,298.27847,298.57846,298.37848,297.77847,297.77847,297.77847,297.67847,297.57846,297.27847,296.97845,296.97845,296.77847,296.67847,296.47845,296.47845,296.37848,295.97845
311.07846,312.77847,313.77847,313.27847,313.97845,314.67847,310.87848,306.97845,306.17847,301.07846,296.77847,297.27847,298.17847,297.87848,297.57846,297.37848,297.17847,297.07846,297.27847,297.37848,297.57846,297.47845,297.07846,296.97845,296.77847,296.27847,296.77847,297.07846,297.17847,296.97845,296.97845,297.07846,296.87848,297.37848,297.77847,297.87848,297.97845,298.17847,297.87848,298.37848,297.97845,297.47845,297.57846,297.77847,297.87848,297.67847,297.47845,297.47845,297.17847,296.77847,296.77847,296.77847,297.07846,296.87848,296.47845,296.67847,296.57846,296.47845,296.37848,296.27847
310.87848,311.17847,311.17847,311.07846,311.77847,314.47845,307.87848,307.87848,308.37848,307.67847,297.07846,297.67847,298.17847,297.67847,297.37848,297.17847,297.27847,296.67847,296.37848,296.77847,296.77847,296.77847,296.47845,295.97845,296.17847,296.17847,296.77847,296.97845,296.77847,296.17847,296.37848,296.47845,296.47845,296.37848,296.67847,296.77847,297.07846,297.07846,298.07846,297.87848,297.27847,297.17847,296.77847,297.07846,297.37848,297.37848,297.37848,297.27847,297.17847,296.87848,296.97845,296.77847,296.67847,296.77847,297.37848,297.27847,297.37848,297.27847,297.27847,296.77847
312.67847,312.27847,307.17847,310.37848,310.27847,310.47845,305.57846,309.57846,305.17847,298.37848,297.07846,297.97845,297.97845,297.37848,297.07846,297.37848,297.27847,297.37848,296.77847,296.47845,296.47845,296.17847,296.17847,296.07846,296.47845,296.27847,296.37848,296.17847,295.97845,295.97845,296.17847,296.07846,295.97845,295.77847,295.87848,296.07846,296.17847,296.37848,297.47845,297.37848,296.57846,296.27847,295.97845,295.77847,296.27847,296.57846,296.77847,296.97845,296.87848,296.97845,296.97845,296.27847,296.17847,297.27847,297.47845,296.37848,296.17847,295.97845,296.17847,295.77847
307.17847,310.07846,306.87848,307.67847,309.07846,308.97845,308.47845,304.57846,297.57846,296.57846,297.77847,297.87848,297.77847,297.17847,297.07846,297.57846,297.57846,296.67847,296.77847,297.97845,296.67847,295.97845,295.87848,296.07846,295.57846,295.77847,295.47845,295.07846,295.27847,295.67847,295.77847,295.77847,295.47845,295.27847,295.27847,295.27847,294.97845,295.17847,295.57846,296.57846,296.47845,295.87848,295.47845,295.27847,295.37848,295.67847,295.67847,295.87848,296.17847,296.27847,296.17847,295.77847,295.97845,296.17847,296.17847,295.97845,295.57846,295.37848,295.27847,295.07846
304.07846,305.47845,307.67847,304.67847,310.07846,308.77847,309.67847,305.67847,296.07846,296.47845,297.97845,297.77847,297.37848,296.67847,296.77847,297.27847,297.07846,296.37848,296.57846,297.07846,296.67847,295.77847,295.27847,295.77847,296.07846,296.17847,294.67847,294.87848,294.77847,294.87848,295.07846,295.07846,294.77847,294.47845,294.47845,294.47845,294.27847,293.97845,294.37848,295.37848,295.87848,295.37848,295.07846,294.87848,295.37848,295.17847,294.97845,295.17847,295.27847,295.27847,295.07846,294.87848,294.97845,295.17847,295.27847,294.97845,294.67847,294.27847,294.57846,294.47845
299.87848,298.57846,299.97845,300.47845,305.47845,304.07846,304.87848,295.67847,295.57846,297.07846,297.17847,296.47845,296.37848,296.27847,296.17847,296.77847,296.27847,295.87848,295.67847,295.07846,295.27847,295.27847,294.97845,295.07846,295.27847,295.47845,295.37848,295.77847,294.87848,294.37848,293.97845,293.97845,293.87848,293.57846,293.57846,293.37848,293.27847,293.37848,293.47845,294.27847,295.17847,295.57846,294.57846,294.57846,294.67847,294.47845,294.27847,294.37848,294.27847,294.47845,294.47845,294.07846,294.27847,295.07846,294.57846,293.97845,293.47845,293.47845,293.87848,294.47845
292.37848,293.77847,296.57846,295.87848,295.57846,295.77847,295.27847,295.47845,296.97845,296.77847,296.17847,295.87848,295.57846,295.37848,295.57846,295.97845,295.37848,295.27847,294.97845,294.77847,294.57846,294.87848,295.57846,294.47845,293.77847,293.87848,294.17847,294.07846,294.67847,295.07846,293.77847,293.27847,292.57846,291.77847,291.17847,291.37848,292.07846,292.57846,292.57846,292.97845,293.67847,293.87848,293.57846,293.67847,294.07846,294.17847,293.97845,293.77847,293.37848,293.27847,293.27847,293.17847,293.47845,294.07846,293.87848,293.77847,293.57846,293.67847,293.47845,293.67847
295.77847,296.17847,295.17847,295.37848,295.17847,295.67847,294.67847,296.77847,297.87848,296.47845,295.67847,295.57846,295.27847,294.67847,294.77847,294.47845,293.67847,293.47845,293.77847,293.77847,293.97845,294.37848,294.07846,295.07846,294.47845,294.07846,294.07846,292.87848,292.87848,293.07846,293.67847,293.47845,292.37848,291.47845,290.97845,291.17847,291.47845,291.97845,292.27847,291.97845,292.17847,292.57846,292.07846,291.57846,292.27847,292.97845,293.47845,292.87848,292.17847,291.67847,291.97845,292.17847,292.07846,292.07846,292.27847,291.97845,291.77847,291.87848,292.07846,291.97845
296.37848,292.47845,295.17847,296.37848,294.17847,294.37848,294.57846,296.67847,296.77847,295.87848,295.07846,295.27847,295.47845,294.57846,293.67847,293.47845,293.17847,292.87848,292.97845,292.97845,292.77847,292.97845,292.97845,293.17847,293.37848,292.87848,292.67847,292.97845,291.67847,291.77847,292.27847,292.67847,292.97845,292.37848,291.87848,291.57846,291.07846,291.57846,292.07846,291.37848,291.57846,292.17847,291.27847,290.27847,290.57846,290.97845,291.47845,291.47845,291.07846,290.67847,290.97845,291.17847,290.97845,290.97845,290.87848,290.47845,290.17847,290.57846,291.07846,291.07846
300.67847,294.17847,297.57846,292.97845,291.57846,291.67847,293.97845,294.37848,293.87848,294.47845,294.47845,294.47845,294.77847,294.17847,293.67847,293.47845,293.07846,292.27847,292.07846,292.07846,292.07846,292.27847,292.47845,292.67847,292.37848,292.27847,292.17847,292.57846,291.97845,291.47845,291.47845,291.57846,291.57846,291.97845,291.67847,291.37848,290.97845,290.67847,290.67847,290.57846,290.87848,291.07846,290.47845,289.77847,289.77847,289.77847,289.97845,290.17847,290.07846,290.17847,290.07846,289.87848,289.67847,289.77847,289.87848,289.17847,288.77847,289.67847,290.27847,290.17847
293.07846,292.27847,291.57846,291.07846,290.67847,291.07846,294.27847,293.87848,292.67847,293.17847,293.77847,293.87848,293.77847,293.37848,293.17847,293.17847,293.27847,292.87848,292.27847,292.07846,292.07846,292.27847,292.07846,291.57846,290.97845,291.07846,291.57846,291.87848,291.97845,291.57846,291.57846,291.07846,290.97845,291.07846,290.47845,290.37848,290.27847,289.97845,289.77847,289.77847,289.87848,289.67847,289.17847,288.67847,288.87848,288.87848,288.97845,289.27847,289.17847,289.07846,288.87848,288.37848,288.27847,288.47845,288.47845,288.27847,288.37848,288.57846,288.87848,288.67847
