public/libs/leflet_vector/data/current-tempation.json
{"header": {"discipline":0,"disciplineName":"Meteorologicalproducts","gribEdition":2,"gribLength":47392,"center":7,"centerName":"USNationalWeatherService-NCEP(WMC)","subcenter":0,"refTime":"2020-03-25T18:00:00.000Z","significanceOfRT":1,"significanceOfRTName":"Startofforecast","productStatus":0,"productStatusName":"Operationalproducts","productType":1,"productTypeName":"Forecastproducts","productDefinitionTemplate":0,"productDefinitionTemplateName":"Analysis/forecastathorizontallevel/layeratapointintime","parameterCategory":0,"parameterCategoryName":"Temperature","parameterNumber":0,"parameterNumberName":"Temperature","parameterUnit":"K","genProcessType":2,"genProcessTypeName":"Forecast","forecastTime":0,"surface1Type":1,"surface1TypeName":"Groundorwatersurface","surface1Value":0.0,"surface2Type":255,"surface2TypeName":"Missing","surface2Value":0.0,"gridDefinitionTemplate":0,"gridDefinitionTemplateName":"Latitude_Longitude","numberPoints":65160,"shape":6,"shapeName":"Earthsphericalwithradiusof6,371,229.0m","gridUnits":"degrees","resolution":48,"winds":"true","scanMode":0,"nx":360,"ny":181,"basicAngle":0,"lo1":0.0,"la1":90.0,"lo2":359.0,"la2":-90.0,"dx":1.0,"dy":1.0}, "data":
[rows 0 to 25 of 181, columns 300 to 359 of 360]
239.77847,239.77847,239.77847,239.77847,239.77847,239.77847,239.77847,239.77847,239.77847,239.77847,239.77847,239.77847,239.77847,239.77847,239.77847,239.77847,239.77847,239.77847,239.77847,239.77847,239.77847,239.77847,239.77847,239.77847,239.77847,239.77847,239.77847,239.77847,239.77847,239.77847,239.77847,239.77847,239.77847,239.77847,239.77847,239.77847,239.77847,239.77847,239.77847,239.77847,239.77847,239.77847,239.77847,239.77847,239.77847,239.77847,239.77847,239.77847,239.77847,239.77847,239.77847,239.77847,239.77847,239.77847,239.77847,239.77847,239.77847,239.77847,239.77847,239.77847
237.97847,237.97847,237.97847,237.97847,237.97847,237.97847,237.97847,237.97847,237.97847,237.97847,237.97847,237.97847,237.97847,237.97847,237.97847,237.97847,238.07846,238.07846,238.07846,238.07846,238.17847,238.17847,238.17847,238.17847,238.17847,238.27847,238.27847,238.27847,238.37846,238.37846,238.37846,238.37846,238.37846,238.37846,238.47847,238.47847,238.57846,238.57846,238.57846,238.57846,238.57846,238.57846,238.67847,238.87846,238.87846,238.87846,238.87846,238.87846,238.87846,238.87846,239.17847,239.27847,239.27847,239.27847,239.27847,239.27847,239.27847,239.27847,239.57846,239.57846
236.87846,236.87846,237.07846,237.07846,237.17847,237.17847,237.17847,237.27847,237.27847,237.37846,237.37846,237.37846,237.47847,237.47847,237.57846,237.57846,237.57846,237.57846,237.67847,237.77847,237.87846,237.87846,237.87846,238.07846,238.07846,238.17847,238.17847,238.07846,238.07846,238.07846,238.07846,238.07846,237.97847,237.97847,237.97847,237.97847,237.97847,237.97847,237.97847,238.17847,238.17847,238.17847,238.17847,238.37846,238.37846,238.37846,238.37846,238.47847,238.47847,238.47847,238.67847,238.67847,238.67847,238.67847,238.87846,238.87846,238.87846,238.87846,239.07846,239.07846
236.47847,236.47847,236.47847,236.47847,236.57846,236.57846,236.57846,236.57846,236.57846,236.57846,236.77847,236.87846,236.87846,236.97847,236.97847,237.17847,237.57846,237.87846,237.97847,237.67847,237.77847,237.77847,237.87846,237.87846,237.87846,237.97847,237.97847,238.07846,238.27847,238.27847,238.17847,238.17847,238.37846,238.57846,238.57846,238.57846,238.37846,238.37846,238.27847,238.27847,238.27847,238.37846,238.57846,238.87846,238.87846,238.87846,238.57846,238.57846,238.67847,238.67847,239.17847,239.37846,239.37846,239.07846,239.07846,239.07846,239.07846,239.07846,239.37846,239.27847
237.67847,237.67847,237.67847,237.77847,237.77847,237.67847,237.67847,237.57846,237.57846,237.57846,237.57846,237.57846,237.57846,237.57846,237.57846,237.57846,237.57846,237.57846,237.57846,237.57846,237.67847,237.67847,237.77847,237.87846,237.97847,238.07846,238.27847,238.37846,238.47847,238.47847,238.57846,238.57846,238.47847,238.57846,238.57846,238.67847,238.67847,238.67847,238.77847,238.67847,238.67847,238.77847,238.77847,238.87846,238.87846,238.97847,238.97847,239.07846,239.07846,239.17847,239.27847,239.37846,239.57846,239.57846,239.77847,239.77847,240.17847,240.17847,240.57846,240.47847
238.97847,239.07846,239.17847,239.07846,239.17847,239.07846,238.97847,239.67847,238.97847,239.07846,238.87846,239.17847,238.87846,238.87846,238.87846,238.87846,239.07846,239.17847,238.97847,238.87846,238.87846,238.77847,238.97847,238.87846,238.77847,238.77847,238.77847,238.77847,238.77847,238.77847,238.77847,238.77847,238.87846,238.87846,238.97847,239.17847,239.17847,239.17847,239.17847,239.07846,239.17847,239.17847,239.27847,239.47847,239.47847,239.47847,239.77847,239.87846,240.07846,240.57846,240.87846,240.97847,241.27847,241.77847,241.77847,242.37846,242.57846,242.67847,243.17847,243.47847
241.77847,241.77847,241.77847,241.67847,241.77847,242.17847,242.37846,242.47847,242.27847,242.17847,242.37846,242.17847,241.87846,241.77847,241.37846,241.57846,241.17847,240.77847,240.17847,240.97847,240.67847,240.27847,240.77847,240.67847,241.17847,241.07846,240.77847,240.87846,240.37846,240.07846,240.07846,240.27847,239.87846,239.77847,239.27847,239.47847,239.47847,239.37846,239.27847,239.67847,239.97847,239.97847,240.17847,240.57846,240.87846,240.87846,241.37846,241.67847,241.67847,242.17847,242.37846,242.47847,242.77847,243.17847,243.77847,243.97847,244.17847,244.17847,244.77847,245.17847
243.17847,245.07846,245.27847,245.67847,246.37846,246.27847,246.57846,246.87846,247.27847,247.17847,247.47847,247.47847,246.87846,247.57846,248.17847,246.27847,248.67847,245.27847,246.67847,248.67847,248.67847,247.87846,245.37846,246.87846,248.37846,249.97847,250.37846,251.97847,243.37846,244.97847,247.37846,245.57846,245.57846,245.57846,248.17847,246.37846,245.97847,244.07846,243.27847,243.17847,242.97847,242.47847,242.17847,242.17847,242.07846,241.97847,242.27847,241.97847,242.17847,241.87846,242.27847,242.47847,242.77847,242.97847,243.77847,244.77847,244.67847,244.57846,244.47847,245.07846
245.67847,243.57846,241.97847,242.57846,244.97847,244.47847,249.07846,248.37846,248.77847,249.77847,248.27847,245.77847,245.27847,244.97847,247.37846,244.37846,242.27847,241.17847,241.57846,242.97847,242.97847,242.07846,242.37846,241.07846,240.77847,241.07846,242.67847,245.87846,246.97847,248.47847,248.37846,248.77847,244.67847,248.87846,248.87846,250.47847,250.47847,250.47847,248.37846,247.47847,247.77847,245.77847,244.97847,244.87846,244.27847,243.77847,244.27847,244.47847,243.47847,243.27847,242.87846,242.67847,242.37846,243.07846,243.37846,243.87846,243.67847,243.67847,244.27847,245.07846
244.07846,243.27847,242.97847,243.57846,244.07846,244.77847,245.17847,245.57846,245.37846,246.27847,246.47847,246.07846,246.87846,245.87846,244.97847,245.17847,245.47847,244.27847,243.77847,243.47847,243.47847,244.27847,244.97847,245.47847,245.97847,245.87846,245.37846,245.27847,243.87846,243.47847,243.27847,245.07846,245.97847,246.07846,246.67847,246.37846,249.77847,249.57846,244.07846,242.17847,240.47847,238.57846,240.97847,244.17847,245.27847,246.37846,253.77847,251.27847,251.07846,251.47847,250.27847,248.07846,245.47847,244.67847,244.47847,244.17847,243.37846,243.87846,243.77847,244.37846
246.47847,246.67847,245.67847,245.37846,245.07846,244.47847,244.17847,243.37846,242.67847,242.37846,242.27847,242.37846,242.37846,241.87846,241.97847,241.77847,241.17847,239.77847,238.27847,237.67847,237.57846,237.77847,238.37846,239.07846,240.07846,241.37846,243.17847,243.87846,244.87846,245.67847,246.67847,246.07846,245.77847,247.87846,248.67847,247.67847,244.57846,243.67847,243.87846,244.77847,247.17847,242.77847,245.87846,247.57846,247.27847,247.37846,247.57846,247.37846,248.77847,248.47847,249.37846,249.77847,249.37846,247.17847,246.47847,246.17847,243.87846,243.77847,243.17847,243.47847
244.87846,244.27847,244.27847,244.37846,244.37846,243.97847,243.37846,243.07846,243.07846,243.17847,242.57846,242.47847,241.87846,241.57846,241.27847,241.47847,241.37846,240.77847,240.57846,240.57846,239.67847,238.37846,237.77847,237.77847,238.17847,239.07846,240.97847,242.87846,243.77847,244.57846,244.87846,246.07846,246.47847,246.97847,245.57846,243.67847,241.87846,242.67847,242.47847,241.67847,243.17847,245.37846,244.17847,242.87846,243.17847,243.77847,244.97847,247.27847,248.47847,248.07846,247.77847,247.77847,248.07846,248.27847,247.97847,247.97847,247.77847,247.97847,248.07846,248.37846
242.87846,242.37846,241.67847,241.17847,240.57846,240.17847,239.87846,239.87846,240.17847,240.77847,241.07846,242.17847,242.37846,242.37846,242.17847,241.97847,241.97847,241.97847,242.07846,242.07846,241.67847,240.97847,239.97847,239.27847,238.67847,238.77847,238.77847,237.57846,238.27847,239.77847,242.07846,243.27847,244.87846,244.67847,242.87846,242.97847,242.87846,242.27847,239.27847,243.37846,242.47847,242.67847,243.77847,244.27847,243.87846,243.57846,243.67847,244.57846,245.37846,246.57846,247.87846,247.47847,248.47847,248.87846,249.97847,251.27847,250.27847,250.97847,250.97847,253.37846
249.47847,248.97847,248.57846,247.67847,247.07846,246.57846,245.97847,245.37846,244.57846,244.07846,243.07846,241.57846,240.77847,239.57846,238.87846,238.17847,237.67847,237.27847,237.47847,238.07846,238.57846,238.67847,238.97847,239.27847,238.77847,238.17847,237.47847,237.37846,237.17847,237.07846,237.67847,238.07846,238.57846,239.77847,241.07846,241.17847,242.77847,242.27847,239.77847,242.37846,242.67847,240.97847,243.27847,244.47847,244.77847,244.47847,244.47847,244.67847,244.67847,246.27847,247.77847,250.27847,250.57846,250.67847,250.87846,251.47847,252.87846,260.17847,266.17847,273.57846
258.87848,258.57846,255.67847,254.17847,251.47847,250.07846,249.07846,247.77847,247.07846,245.77847,245.17847,244.37846,243.57846,243.07846,242.37846,242.07846,240.67847,239.57846,238.67847,238.07846,237.47847,236.97847,236.27847,236.47847,236.77847,236.97847,237.17847,237.17847,237.27847,237.47847,237.87846,238.47847,238.97847,240.77847,243.37846,244.37846,245.17847,242.27847,242.77847,244.87846,244.67847,245.57846,245.57846,247.57846,248.27847,247.77847,246.37846,246.97847,248.97847,249.47847,248.87846,248.87846,251.07846,252.07846,261.57846,266.97845,267.77847,271.17847,272.67847,272.87848
262.87848,263.77847,263.37848,260.07846,257.67847,255.27847,253.77847,251.47847,249.67847,248.07846,247.37846,246.17847,245.37846,244.57846,243.97847,243.07846,242.47847,242.07846,241.67847,240.57846,239.37846,238.87846,238.47847,237.77847,236.77847,236.47847,236.57846,236.67847,236.87846,237.27847,237.97847,238.97847,240.07846,242.07846,243.87846,243.67847,240.57846,243.07846,246.87846,246.87846,246.27847,245.87846,247.37846,248.87846,248.27847,250.97847,251.87846,251.57846,251.87846,253.17847,257.37848,264.37848,268.27847,272.37848,271.47845,272.17847,272.17847,272.17847,272.27847,272.37848
262.17847,262.97845,264.07846,263.27847,262.17847,257.77847,254.97847,253.77847,252.47847,251.47847,250.27847,248.67847,246.77847,245.57846,244.47847,243.57846,242.87846,242.07846,241.87846,241.87846,241.17847,239.67847,238.17847,236.97847,236.67847,236.07846,235.77847,236.27847,237.07846,237.97847,240.97847,241.57846,242.77847,246.37846,249.37846,249.77847,243.07846,248.77847,248.77847,249.97847,248.57846,249.37846,249.97847,251.97847,255.27847,260.17847,259.97845,262.47845,263.87848,268.87848,271.17847,271.17847,272.17847,272.27847,272.37848,272.47845,272.37848,272.37848,272.37848,272.47845
262.07846,263.37848,265.17847,264.17847,263.57846,262.57846,260.27847,256.47845,253.97847,253.07846,251.47847,249.27847,248.07846,246.37846,245.27847,243.97847,242.77847,241.77847,241.47847,241.07846,240.67847,238.87846,236.17847,234.47847,234.07846,234.47847,234.87846,235.57846,236.47847,238.57846,241.07846,242.77847,247.37846,244.77847,246.37846,251.67847,249.17847,251.07846,252.17847,251.87846,251.77847,251.87846,253.17847,257.27847,261.37848,265.57846,267.07846,271.17847,271.37848,271.67847,271.67847,271.77847,271.87848,272.07846,272.47845,272.47845,272.47845,272.57846,272.67847,272.87848
261.97845,262.67847,264.27847,266.77847,267.97845,262.17847,260.97845,259.47845,256.67847,257.37848,254.97847,252.27847,249.57846,247.97847,246.27847,245.07846,244.17847,243.17847,242.17847,241.47847,240.47847,237.77847,235.07846,233.97847,234.37846,234.87846,235.47847,236.37846,238.37846,240.07846,247.67847,249.07846,247.97847,248.97847,248.77847,246.77847,248.67847,250.97847,252.47847,252.17847,251.87846,255.97847,258.77847,267.07846,270.57846,271.67847,271.67847,271.67847,271.67847,271.57846,271.57846,271.67847,271.87848,272.07846,272.47845,272.87848,273.37848,273.37848,273.87848,275.17847
258.57846,260.37848,262.27847,264.37848,267.67847,271.17847,265.07846,267.67847,267.47845,263.47845,258.27847,255.57846,254.07846,250.97847,248.67847,246.67847,245.57846,244.77847,243.47847,241.97847,237.97847,235.87846,233.97847,233.37846,233.97847,234.57846,235.27847,236.47847,238.57846,240.87846,244.07846,248.57846,250.77847,249.87846,253.27847,250.67847,247.57846,246.97847,252.67847,253.07846,257.67847,265.77847,271.77847,271.97845,272.07846,271.97845,272.27847,272.37848,272.47845,272.67847,272.77847,272.87848,272.97845,273.47845,274.37848,275.27847,275.57846,276.37848,276.77847,276.87848
256.27847,258.07846,256.77847,257.37848,258.27847,263.57846,257.97845,258.57846,266.37848,264.17847,262.67847,259.67847,255.97847,254.37846,251.67847,249.37846,247.47847,245.97847,244.27847,242.87846,238.77847,235.17847,232.87846,234.27847,235.47847,236.97847,238.67847,238.87846,240.87846,242.37846,245.27847,249.37846,254.07846,251.87846,247.27847,249.67847,250.07846,254.67847,258.27847,259.07846,267.57846,272.07846,272.17847,272.47845,272.47845,272.77847,273.07846,273.37848,273.37848,273.57846,273.87848,274.17847,274.67847,275.37848,276.27847,276.77847,277.07846,277.37848,277.47845,277.47845
248.97847,250.27847,252.47847,253.67847,260.67847,271.27847,264.57846,265.17847,265.97845,261.67847,262.17847,260.37848,258.37848,255.37846,254.17847,252.07846,249.67847,246.97847,245.27847,242.17847,236.37846,235.47847,236.77847,237.27847,238.37846,241.27847,248.17847,249.77847,247.07846,247.57846,246.87846,248.87846,251.17847,252.97847,253.87846,261.27847,263.77847,268.57846,271.17847,271.57846,271.77847,271.87848,271.97845,272.17847,272.47845,272.67847,272.67847,272.87848,272.97845,273.27847,273.67847,274.37848,275.37848,276.17847,276.87848,277.07846,277.17847,277.17847,277.27847,277.57846
252.47847,251.87846,252.17847,253.77847,253.97847,271.37848,271.57846,259.67847,262.67847,265.17847,261.47845,256.97845,256.07846,256.77847,253.37846,251.87846,249.77847,247.87846,244.27847,239.47847,239.47847,240.37846,244.57846,243.97847,242.37846,247.77847,251.37846,254.77847,263.77847,263.97845,264.27847,264.17847,265.57846,266.27847,269.67847,270.87848,271.37848,272.67847,272.77847,272.67847,272.77847,272.17847,272.17847,272.47845,272.57846,272.57846,272.77847,272.77847,272.87848,272.97845,273.47845,273.97845,274.57846,275.77847,276.17847,276.47845,276.57846,276.67847,276.87848,277.27847
256.47845,255.37846,255.37846,255.77847,255.87846,254.27847,269.87848,257.47845,258.37848,261.57846,259.27847,254.37846,253.57846,254.87846,253.37846,251.67847,249.27847,247.27847,242.57846,243.57846,245.57846,250.07846,255.97847,253.27847,252.87846,256.57846,263.87848,264.67847,265.17847,268.27847,270.37848,271.17847,271.17847,272.07846,272.17847,273.07846,274.77847,275.47845,275.67847,275.27847,274.67847,274.17847,273.77847,274.07846,274.37848,274.57846,274.27847,273.97845,273.77847,273.87848,274.07846,274.27847,274.67847,275.57846,275.97845,276.17847,276.37848,276.67847,277.07846,277.47845
254.37846,255.47847,256.67847,258.07846,262.17847,266.17847,273.27847,257.67847,255.37846,251.67847,254.77847,252.37846,251.77847,252.27847,251.57846,250.97847,246.07846,245.97847,247.27847,249.87846,251.87846,252.67847,266.07846,264.47845,263.97845,266.17847,266.47845,269.37848,271.27847,272.27847,275.77847,276.37848,277.37848,277.67847,277.47845,275.97845,275.37848,273.17847,270.67847,274.27847,271.97845,268.07846,265.67847,265.37848,265.57846,266.67847,274.37848,274.47845,274.77847,274.87848,275.17847,275.07846,274.87848,275.77847,276.07846,276.27847,276.47845,276.77847,276.97845,277.37848
250.07846,251.57846,251.47847,255.27847,272.17847,273.27847,273.27847,272.97845,261.07846,260.27847,256.77847,252.87846,251.87846,250.17847,249.17847,248.67847,248.57846,246.77847,252.27847,265.27847,264.17847,265.77847,270.27847,271.47845,273.27847,275.27847,276.97845,277.67847,277.97845,278.37848,278.67847,278.87848,279.17847,278.87848,277.87848,277.27847,276.87848,272.97845,272.37848,271.87848,267.27847,265.87848,268.57846,263.77847,264.27847,267.07846,267.87848,276.37848,276.77847,277.67847,277.07846,275.97845,275.37848,275.57846,276.17847,276.47845,276.67847,276.87848,276.97845,277.57846
