public/libs/leflet_vector/data/current-tempation.json
{"header": {"discipline":0,"disciplineName":"Meteorologicalproducts","gribEdition":2,"gribLength":47392,"center":7,"centerName":"USNationalWeatherService-NCEP(WMC)","subcenter":0,"refTime":"2020-03-25T18:00:00.000Z","significanceOfRT":1,"significanceOfRTName":"Startofforecast","productStatus":0,"productStatusName":"Operationalproducts","productType":1,"productTypeName":"Forecastproducts","productDefinitionTemplate":0,"productDefinitionTemplateName":"Analysis/forecastathorizontallevel/layeratapointintime","parameterCategory":0,"parameterCategoryName":"Temperature","parameterNumber":0,"parameterNumberName":"Temperature","parameterUnit":"K","genProcessType":2,"genProcessTypeName":"Forecast","forecastTime":0,"surface1Type":1,"surface1TypeName":"Groundorwatersurface","surface1Value":0.0,"surface2Type":255,"surface2TypeName":"Missing","surface2Value":0.0,"gridDefinitionTemplate":0,"gridDefinitionTemplateName":"Latitude_Longitude","numberPoints":65160,"shape":6,"shapeName":"Earthsphericalwithradiusof6,371,229.0m","gridUnits":"degrees","resolution":48,"winds":"true","scanMode":0,"nx":360,"ny":181,"basicAngle":0,"lo1":0.0,"la1":90.0,"lo2":359.0,"la2":-90.0,"dx":1.0,"dy":1.0}, "data":
[rows 26 to 51 of 181, columns 60 to 119 of 360]
266.97845,270.17847,268.87848,266.47845,268.97845,269.67847,270.57846,271.27847,271.87848,271.97845,271.97845,271.47845,272.47845,272.67847,271.37848,271.47845,272.17847,271.77847,271.87848,271.07846,270.37848,269.27847,268.77847,268.27847,267.57846,268.27847,269.17847,268.57846,266.47845,261.67847,258.17847,256.27847,255.77847,255.77847,256.17847,255.57846,253.77847,253.97847,251.47847,252.57846,247.87846,252.17847,250.07846,251.77847,252.07846,257.27847,256.67847,255.67847,253.87846,250.87846,249.47847,247.47847,247.67847,245.97847,247.97847,248.27847,249.97847,253.87846,251.67847,248.37846
269.37848,268.67847,269.07846,269.17847,268.87848,268.77847,271.07846,271.27847,271.77847,272.97845,272.77847,273.17847,273.17847,273.17847,272.77847,272.37848,271.97845,271.57846,271.77847,270.87848,270.47845,270.07846,269.87848,269.47845,268.87848,269.27847,267.57846,268.17847,268.07846,263.87848,260.87848,258.97845,257.77847,257.47845,252.47847,255.57846,254.67847,253.87846,252.47847,253.07846,251.97847,250.87846,249.17847,251.07846,251.67847,253.57846,253.37846,251.37846,251.77847,251.17847,249.37846,250.67847,250.77847,251.67847,251.37846,255.07846,255.07846,254.07846,251.27847,249.07846
268.57846,268.17847,269.07846,269.37848,269.37848,271.17847,272.67847,272.17847,273.17847,273.27847,273.47845,273.17847,273.17847,273.17847,273.17847,272.57846,272.37848,272.37848,271.57846,270.97845,271.17847,271.17847,270.07846,269.37848,268.57846,267.97845,267.87848,267.87848,267.77847,265.17847,261.77847,258.97845,258.67847,256.87848,257.47845,258.67847,254.77847,255.37846,253.57846,252.97847,252.97847,253.57846,254.07846,254.27847,254.27847,254.07846,251.67847,253.17847,252.47847,253.67847,253.17847,251.17847,247.07846,253.87846,255.17847,254.77847,255.37846,252.77847,252.57846,251.27847
267.07846,268.47845,268.97845,268.57846,268.97845,272.17847,272.47845,273.07846,273.67847,273.07846,273.47845,273.47845,273.27847,273.07846,273.17847,273.17847,272.97845,271.47845,271.27847,271.47845,271.97845,272.17847,270.97845,270.17847,269.17847,267.67847,267.77847,267.97845,268.37848,266.47845,265.37848,261.37848,258.17847,256.77847,257.67847,256.37848,256.07846,255.47847,254.57846,254.07846,255.27847,255.87846,251.97847,257.17847,253.87846,255.27847,254.17847,254.77847,254.67847,253.47847,253.87846,254.07846,256.57846,255.87846,256.67847,256.77847,255.27847,254.07846,253.77847,254.57846
267.87848,268.47845,269.37848,270.37848,272.67847,273.77847,273.57846,273.27847,273.27847,272.97845,272.47845,272.67847,272.17847,272.17847,272.77847,272.97845,272.67847,271.77847,270.97845,270.87848,272.37848,272.37848,270.87848,270.37848,269.97845,269.07846,268.47845,267.07846,267.77847,267.67847,267.67847,267.17847,260.47845,257.67847,257.47845,259.47845,258.87848,256.47845,256.47845,256.97845,258.27847,259.07846,258.87848,258.67847,258.37848,254.47847,255.37846,256.17847,256.17847,257.17847,258.17847,257.97845,257.47845,256.67847,257.17847,255.67847,255.17847,258.27847,256.87848,257.47845
268.47845,269.37848,270.67847,273.47845,274.27847,273.37848,272.47845,271.47845,272.07846,271.57846,271.37848,271.27847,270.97845,269.47845,270.97845,271.47845,271.87848,271.37848,271.67847,271.47845,271.47845,270.87848,270.67847,270.07846,270.07846,269.87848,269.57846,269.37848,268.37848,267.87848,267.37848,267.27847,267.47845,266.57846,265.77847,262.77847,262.87848,262.07846,260.77847,262.17847,261.27847,260.47845,260.57846,261.37848,260.77847,258.77847,256.07846,257.57846,257.57846,258.87848,258.47845,258.67847,257.87848,255.37846,249.47847,249.57846,252.67847,256.27847,257.67847,259.67847
269.67847,270.27847,272.47845,273.27847,272.67847,271.07846,269.87848,270.07846,270.17847,270.27847,269.87848,270.07846,269.77847,270.17847,270.57846,270.97845,271.27847,271.37848,271.37848,270.27847,270.37848,269.57846,269.77847,270.07846,270.37848,270.37848,270.27847,270.17847,269.17847,268.57846,267.37848,266.77847,266.17847,265.77847,266.17847,266.27847,265.37848,265.67847,265.77847,265.47845,264.17847,263.27847,262.67847,262.27847,259.47845,260.17847,258.67847,258.27847,258.87848,259.17847,260.17847,259.37848,254.47847,253.97847,253.57846,255.97847,253.07846,253.87846,257.77847,255.47847
271.67847,271.37848,272.97845,270.77847,270.27847,269.57846,269.17847,268.97845,267.97845,266.87848,266.97845,267.07846,266.37848,266.97845,267.17847,268.97845,269.87848,270.77847,270.37848,269.47845,268.77847,268.27847,269.17847,268.67847,268.57846,268.27847,267.37848,268.87848,268.57846,268.07846,266.77847,266.47845,266.27847,266.67847,265.87848,265.87848,265.57846,265.47845,265.27847,265.07846,263.67847,263.57846,261.77847,261.97845,262.17847,260.37848,259.37848,258.87848,259.47845,252.57846,251.17847,251.47847,254.77847,251.27847,253.77847,251.97847,254.67847,251.77847,251.17847,255.87846
271.47845,271.17847,268.97845,268.57846,267.07846,266.37848,266.57846,265.57846,265.37848,264.87848,264.77847,263.77847,263.77847,263.77847,263.87848,263.47845,262.97845,265.97845,267.57846,267.17847,266.47845,266.77847,267.67847,268.17847,268.27847,266.67847,266.17847,265.87848,265.87848,264.87848,265.27847,265.87848,264.47845,265.67847,265.37848,264.77847,265.97845,265.37848,264.87848,264.67847,264.57846,263.17847,262.17847,262.87848,260.77847,258.87848,258.17847,256.87848,260.07846,248.07846,250.77847,252.97847,251.77847,249.27847,250.37846,251.77847,254.97847,251.57846,254.37846,255.37846
269.77847,268.27847,267.67847,265.67847,265.17847,265.57846,264.67847,264.77847,264.37848,262.67847,262.47845,261.97845,262.27847,262.77847,262.57846,261.87848,261.67847,261.47845,261.47845,261.57846,261.27847,260.97845,262.47845,266.67847,265.37848,264.97845,262.97845,263.77847,262.17847,260.87848,264.37848,264.47845,264.47845,262.67847,263.37848,263.97845,263.77847,263.67847,262.77847,263.87848,263.37848,263.47845,263.27847,262.67847,260.77847,257.27847,256.27847,257.77847,257.57846,250.07846,249.77847,250.67847,246.47847,249.57846,250.27847,256.07846,258.17847,258.57846,259.37848,260.07846
266.87848,266.27847,264.97845,264.87848,264.17847,263.87848,263.97845,262.97845,261.97845,261.27847,266.37848,261.77847,260.07846,259.77847,261.17847,261.57846,261.77847,261.17847,260.77847,260.27847,260.17847,261.27847,261.87848,262.27847,264.37848,260.17847,261.77847,258.77847,261.87848,258.17847,260.27847,266.37848,260.87848,264.37848,261.67847,258.57846,253.37846,250.27847,255.47847,256.37848,260.87848,261.67847,262.67847,260.77847,260.37848,257.17847,254.27847,257.87848,251.07846,256.07846,250.77847,245.07846,252.47847,255.97847,256.37848,257.17847,258.17847,258.67847,257.67847,260.67847
263.87848,263.07846,262.67847,262.47845,262.87848,262.47845,261.57846,260.27847,258.37848,257.87848,257.77847,267.97845,269.37848,264.07846,260.77847,260.67847,260.27847,259.67847,259.67847,259.87848,259.57846,259.07846,259.27847,258.77847,260.77847,256.77847,256.27847,261.87848,260.27847,260.07846,264.97845,263.87848,263.47845,263.27847,259.17847,258.07846,256.97845,252.97847,253.17847,247.17847,248.57846,252.07846,257.47845,260.07846,261.77847,254.77847,258.67847,259.27847,259.57846,255.17847,254.67847,252.47847,255.57846,254.87846,255.67847,256.47845,257.57846,259.97845,262.37848,263.77847
262.57846,262.37848,261.87848,260.77847,259.47845,259.67847,259.07846,258.07846,256.07846,256.17847,254.17847,257.47845,256.97845,259.27847,266.37848,259.17847,268.07846,265.17847,257.87848,262.67847,258.17847,259.97845,256.47845,260.67847,257.27847,257.97845,258.27847,260.17847,259.07846,256.87848,256.07846,249.07846,257.67847,257.67847,255.57846,251.87846,251.87846,255.07846,249.07846,241.87846,240.57846,236.47847,244.27847,255.17847,260.37848,261.27847,261.77847,259.57846,258.77847,258.77847,257.67847,256.67847,255.47847,257.07846,257.47845,258.37848,263.07846,262.97845,262.17847,262.27847
261.87848,259.77847,260.07846,259.17847,257.67847,258.77847,257.57846,257.17847,256.77847,256.87848,256.47845,256.57846,257.37848,256.87848,255.77847,264.57846,268.07846,265.27847,256.87848,256.37848,262.97845,254.47847,251.77847,256.87848,258.87848,254.27847,259.37848,256.27847,255.57846,245.17847,254.97847,254.77847,253.17847,249.07846,250.57846,250.67847,251.87846,249.87846,247.27847,243.67847,242.07846,244.77847,243.57846,247.07846,249.37846,251.97847,260.07846,260.57846,256.07846,257.57846,254.67847,255.67847,258.87848,256.37848,258.57846,261.37848,260.87848,258.17847,258.57846,262.07846
270.27847,263.17847,270.07846,262.17847,269.57846,268.77847,265.47845,260.27847,259.77847,258.97845,257.37848,257.87848,258.37848,259.37848,258.17847,257.97845,259.47845,257.27847,265.47845,256.47845,258.77847,252.17847,252.17847,257.07846,255.07846,252.77847,251.77847,249.97847,246.17847,247.37846,257.87848,249.77847,246.07846,247.27847,246.37846,248.57846,243.77847,236.17847,242.07846,244.87846,252.27847,254.17847,254.87846,253.47847,256.37848,262.17847,262.87848,261.37848,258.77847,254.07846,252.47847,251.37846,254.47847,257.77847,259.47845,260.97845,262.47845,261.67847,261.97845,261.87848
271.57846,270.27847,271.37848,270.47845,269.57846,268.87848,268.57846,259.97845,257.07846,257.47845,257.57846,257.87848,256.97845,256.57846,257.47845,254.07846,254.57846,254.77847,255.77847,264.47845,252.87846,249.17847,250.67847,253.67847,254.77847,246.37846,250.17847,247.77847,235.97847,257.47845,260.87848,260.67847,261.97845,264.97845,264.07846,260.57846,245.37846,238.57846,240.67847,242.37846,255.17847,256.37848,258.97845,259.27847,261.07846,264.37848,262.07846,257.87848,253.77847,252.97847,252.37846,257.67847,257.07846,258.97845,259.57846,260.77847,261.77847,262.77847,263.87848,258.87848
272.07846,271.77847,272.27847,271.27847,271.47845,270.67847,264.17847,260.27847,263.17847,264.67847,265.17847,261.27847,259.57846,266.87848,255.57846,257.97845,257.27847,258.47845,264.47845,259.27847,256.77847,253.47847,251.37846,253.57846,262.97845,265.77847,263.67847,256.17847,254.87846,246.77847,240.27847,240.27847,261.37848,264.87848,263.17847,259.17847,250.77847,237.77847,234.47847,238.97847,246.17847,255.87846,257.77847,259.97845,263.47845,261.87848,260.27847,256.87848,250.67847,252.87846,258.37848,258.37848,259.57846,260.97845,262.17847,262.57846,262.87848,264.47845,266.47845,257.67847
273.27847,272.77847,273.77847,272.97845,272.47845,271.27847,270.17847,269.47845,270.97845,270.57846,270.07846,268.87848,268.37848,267.87848,268.87848,268.07846,268.27847,267.97845,267.77847,267.07846,268.77847,270.67847,265.17847,257.47845,253.37846,253.47847,249.27847,266.77847,266.37848,257.47845,252.17847,238.57846,256.77847,254.57846,265.17847,263.37848,262.87848,244.57846,243.97847,252.87846,241.67847,247.97847,258.27847,259.37848,259.67847,261.37848,262.17847,261.67847,260.37848,262.17847,262.37848,260.67847,260.57846,260.77847,261.47845,262.17847,265.17847,265.97845,265.27847,259.27847
281.77847,273.07846,274.77847,274.47845,273.37848,273.07846,273.27847,271.57846,271.27847,270.87848,270.47845,269.77847,268.47845,268.77847,274.87848,271.57846,271.57846,269.47845,269.77847,270.07846,270.77847,267.57846,273.17847,259.57846,260.47845,270.37848,271.87848,270.07846,267.97845,268.57846,269.57846,267.57846,267.07846,247.77847,258.37848,267.17847,266.97845,263.07846,262.47845,263.37848,262.67847,259.97845,260.27847,261.37848,262.57846,262.97845,262.57846,262.97845,263.27847,263.57846,264.17847,262.27847,263.57846,262.57846,262.97845,262.87848,264.47845,265.67847,265.07846,261.97845
283.17847,281.17847,274.77847,274.57846,274.67847,274.47845,273.37848,273.27847,273.27847,271.97845,271.77847,271.37848,270.77847,270.27847,273.07846,270.97845,270.07846,271.77847,270.97845,257.47845,241.87846,265.97845,273.27847,277.57846,275.17847,274.47845,273.37848,270.87848,270.17847,270.07846,269.57846,269.37848,270.37848,267.67847,264.07846,259.57846,267.37848,267.17847,258.47845,262.27847,261.17847,267.07846,266.47845,266.67847,268.17847,266.47845,267.47845,267.27847,265.77847,266.77847,266.57846,266.47845,264.77847,264.27847,261.87848,263.27847,268.47845,266.97845,268.57846,268.37848
285.07846,277.37848,277.17847,275.87848,276.37848,276.17847,275.97845,275.07846,269.67847,272.57846,272.07846,272.67847,271.87848,271.77847,270.17847,268.87848,269.47845,270.47845,270.97845,275.57846,275.47845,274.77847,270.27847,251.57846,243.87846,262.97845,270.37848,271.77847,271.67847,272.07846,271.37848,270.07846,267.47845,269.17847,270.67847,271.67847,270.17847,268.27847,266.37848,267.57846,268.37848,268.97845,269.77847,268.07846,268.97845,267.47845,268.27847,267.57846,268.27847,268.47845,269.17847,267.17847,268.37848,268.67847,267.57846,267.67847,270.17847,267.57846,271.17847,274.97845
277.67847,277.37848,278.27847,277.87848,277.57846,278.27847,279.97845,278.37848,276.17847,275.57846,269.57846,271.77847,270.97845,272.07846,273.27847,274.47845,269.17847,258.47845,257.17847,269.77847,270.97845,271.67847,269.97845,254.87846,252.87846,247.37846,252.57846,253.07846,272.27847,278.47845,276.97845,277.87848,278.17847,275.97845,270.97845,267.47845,270.47845,267.77847,268.67847,269.27847,269.67847,267.87848,267.77847,271.47845,269.37848,268.57846,269.57846,268.37848,268.77847,268.77847,267.57846,269.37848,269.67847,269.77847,269.07846,267.97845,268.97845,269.47845,271.37848,276.67847
278.47845,279.77847,279.97845,280.97845,282.07846,279.87848,278.67847,278.47845,278.47845,277.17847,272.07846,257.87848,267.77847,275.87848,269.97845,271.87848,264.57846,266.37848,260.87848,269.17847,246.27847,256.37848,279.07846,275.87848,279.77847,280.17847,271.57846,271.27847,272.17847,275.87848,274.97845,271.67847,274.37848,278.47845,275.47845,272.17847,267.97845,269.47845,271.07846,272.47845,274.27847,272.57846,273.77847,274.47845,272.47845,271.77847,271.67847,269.67847,268.37848,267.37848,268.37848,269.27847,265.67847,267.27847,265.97845,267.67847,267.97845,270.07846,274.27847,277.27847
281.27847,281.37848,280.47845,281.27847,279.07846,281.47845,279.37848,281.57846,282.27847,281.37848,278.37848,283.27847,284.67847,282.97845,269.87848,266.47845,260.97845,267.77847,259.27847,275.77847,280.47845,281.37848,281.47845,281.37848,280.97845,280.47845,279.07846,280.17847,278.27847,276.67847,274.77847,276.47845,276.47845,273.87848,275.87848,271.47845,271.27847,270.17847,272.37848,272.37848,273.97845,277.37848,275.77847,273.47845,273.37848,271.57846,271.07846,270.77847,272.47845,276.07846,268.87848,262.87848,267.27847,267.77847,268.47845,269.77847,273.17847,278.27847,281.87848,282.37848
282.57846,283.37848,282.87848,281.67847,282.27847,282.87848,283.07846,278.67847,279.17847,279.57846,277.27847,280.27847,271.37848,263.87848,263.27847,265.17847,281.37848,282.37848,282.07846,282.27847,282.47845,283.77847,282.97845,282.27847,281.27847,280.67847,279.97845,279.47845,279.07846,278.57846,278.27847,278.17847,279.27847,278.07846,276.67847,273.77847,273.47845,269.77847,272.07846,273.87848,271.97845,276.47845,277.17847,274.97845,275.37848,272.87848,275.27847,272.47845,273.87848,270.57846,276.17847,273.37848,272.17847,272.37848,275.37848,274.77847,282.47845,285.77847,283.67847,281.27847
286.77847,286.17847,285.57846,286.07846,287.07846,286.57846,284.17847,279.47845,257.47845,259.87848,274.87848,268.27847,254.67847,249.07846,250.37846,255.47847,283.57846,283.17847,285.17847,285.27847,284.97845,283.87848,283.57846,282.07846,280.77847,279.47845,278.87848,277.47845,276.97845,274.67847,272.57846,269.47845,268.77847,269.47845,270.97845,269.77847,268.87848,260.87848,267.47845,257.27847,272.57846,271.87848,276.57846,276.47845,276.57846,276.47845,272.07846,277.17847,274.97845,276.87848,276.37848,280.07846,273.67847,273.17847,284.47845,288.27847,286.97845,285.87848,278.77847,278.07846
